"";"NestID";"x";"y"
"1";1;23253.494;197867.228
"2";2;23245.619;197864.259
"3";3;23244.699;197866.332
"4";4;23255.352;197874.529
"5";5;23239.572;197870.415
"6";6;23243.348;197864.423
"7";7;23250.061;197866.869
"8";8;23248.72;197866.958
"9";9;23282.941;197875.959
"10";10;23282.997;197875.728
"11";11;23250.096;197866.919
"12";12;23250.547;197868.092
"13";13;23256.358;197867.049
"14";14;23255.779;197867.479
"15";15;23239.683;197868.569
"16";16;23238.186;197869.009
"17";17;23242.837;197864.061
"18";18;23257.832;197866.355
"19";19;23243.509;197864.401
"20";20;23265.126;197877.994
"21";21;23264.883;197878.066
"22";22;23244.368;197864.926
"23";23;23243.702;197867.891
"24";24;23255.462;197875.77
"25";25;23239.488;197869.128
"26";26;23253.85;197866.423
"27";27;23264.598;197877.116
"28";28;23264.592;197877.269
"29";29;23243.431;197864.018
"30";30;23242.517;197865.24
"31";31;23245.199;197864.332
"32";32;23243.149;197864.141
"33";33;23242.517;197868.45
"34";34;23242.781;197865.242
"35";35;23244.428;197863.437
"36";36;23238.369;197868.276
"37";37;23239.81;197868.764
"38";38;23241.91;197866.747
"39";39;23248.468;197864.81
"40";40;23264.698;197879.67
"41";41;23244.434;197864.55
"42";42;23243.187;197869.573
"43";43;23255.343;197866.777
"44";44;23255.752;197867.056
"45";45;23239.925;197868.603
"46";46;23268.355;197891.436
"47";47;23245.223;197865.867
"48";48;23244.491;197866.075
"49";49;23243.439;197862.902
"50";50;23245.067;197874.043
"51";51;23243.181;197865.292
"52";52;23241.189;197867.503
"53";53;23240.383;197867.188
"54";54;23239.201;197870.291
"55";55;23241.617;197863.963
"56";56;23241.638;197867.838
"57";57;23247.343;197864.621
"58";58;23245.563;197870.478
"59";59;23249.944;197869.106
"60";60;23266.801;197876.854
"61";61;23243.428;197866.435
"62";62;23238.903;197869.848
"63";63;23238.154;197870.689
"64";64;23239.757;197871.383
"65";65;23243.198;197864.51
"66";66;23240.862;197868.581
"67";67;23255.945;197866.135
"68";68;23246.979;197865.155
"69";69;23257.738;197861.977
"70";70;23264.211;197876.321
"71";71;23243.605;197868.18
"72";72;23279.721;197877.897
"73";73;23246.072;197864.456
"74";74;23272.577;197893.851
"75";75;23243.375;197863.162
"76";76;23278.4975;197876.1455
"77";77;23264.508;197876.092
"78";78;23271.853;197875.416
"79";79;23273.222;197874.383
"80";80;23276.316;197879.973
"81";81;23275.291;197882.198
"82";82;23275.365;197882.292
"83";83;23275.166;197882.603
"84";84;23245.434;197863.362
"85";85;23245.842;197864.05
"86";86;23243.394;197863.949
"87";87;23300.503;197887.467
"88";88;23303.266;197886.944
"89";89;23303.437;197888.013
"90";90;23315.469;197899.334
"91";91;23317.218;197899.732
"92";92;23320.243;197899.033
"93";93;23319.467;197894.27
"94";94;23303.691;197888.767
"95";95;23320.299;197899.236
"96";96;23319.205;197899.232
"97";97;23319.095;197899.897
"98";98;23314.16;197899.089
"99";99;23312.953;197898.95
"100";100;23255.002;197865.832
"101";101;23264.441;197880.552
"102";102;23275.189;197885.045
"103";103;23265.783;197880.951
"104";104;23264.957;197878.739
"105";105;23258.051;197893.519
"106";106;23265.288;197882.117
"107";107;23274.677;197883.631
"108";108;23258.114;197890.845
"109";109;23242.155;197863.619
"110";110;23250.859;197866.526
"111";111;23273.453;197875.135
"112";112;23258.139;197890.932
"113";113;23260.147;197893.101
"114";114;23242.925;197865.466
"115";115;23257.139;197866.315
"116";116;23248.719;197866.449
"117";117;23244.748;197866.397
"118";118;23248.201;197864.097
"119";119;23240.703;197868.393
"120";120;23246.77;197866.293
"121";121;23243.869;197864.047
"122";122;23246.083;197868.457
"123";123;23258.59;197864.319
"124";124;23242.665;197862.142
"125";125;23258.229;197864.412
"126";126;23278.383;197878.522
"127";127;23316.473;197899.827
"128";128;23315.67;197899.725
"129";129;23319.215;197900.218
"130";130;23319.898;197898.502
"131";131;23318.72;197897.988
"132";132;23317.926;197899.576
"133";133;23318.14;197893.838
"134";134;23316.018;197893.776
"135";135;23320.511;197898.246
"136";136;23321.096;197898.639
"137";137;23312.76;197900.111
"138";138;23319.401;197898.578
"139";139;23318.627;197898.919
"140";140;23319.472;197899.213
"141";141;23319.184;197899.678
"142";142;23319.876;197899.3
"143";143;23302.938;197888.852
"144";144;23300.919;197885.738
"145";145;23301.429;197885.231
"146";146;23300.9;197887.686
"147";147;23278.551;197874.367
"148";148;23277.425;197873.499
"149";149;23277.786;197873.052
"150";150;23276.363;197872.545
"151";151;23277.884;197873.355
"152";152;23276.811;197872.485
"153";153;23273.484;197873.908
"154";154;23278.112;197873.337
"155";155;23277.107;197873.18
"156";156;23276.093;197873.279
"157";157;23277.571;197872.844
"158";158;23276.619;197874.214
"159";159;23276.233;197873.411
"160";160;23279.06;197873.496
"161";161;23273.499;197874.82
"162";162;23276.197;197882.618
"163";163;23276.072;197880.045
"164";164;23271.628;197881.788
"165";165;23275.59;197891.349
"166";166;23276.051;197884.487
"167";167;23274.305;197891.158
"168";168;23275.157;197883.907
"169";169;23274.986;197892.273
"170";170;23273.856;197883.83
"171";171;23276.135;197891.045
"172";172;23274.074;197883.72
"173";173;23275.304;197884.433
"174";174;23275.296;197885.318
"175";175;23242.226;197870.319
"176";176;23238.699;197866.299
"177";177;23241.949;197871.166
"178";178;23316.042;197899.759
"179";179;23316.319;197902.219
"180";180;23319.296;197899.797
"181";181;23268.755;197890.634
"182";182;23270.288;197890.121
"183";183;23280.095;197893.651
"184";184;23280.52;197892.391
"185";185;23280.483;197878.84
"186";186;23274.243;197874.524
"187";187;23274.017;197874.688
"188";188;23273.644;197877.971
"189";189;23271.491;197874.649
"190";190;23272.787;197874.669
"191";191;23273.456;197874.939
"192";192;23268.612;197875.951
"193";193;23269.147;197878.476
"194";194;23273.156;197874.296
"195";195;23273.598;197874.56
"196";196;23272.546;197875.615
"197";197;23272.705;197875.049
"198";198;23241.598;197867.754
"199";199;23239.204;197869.161
"200";200;23273.579;197880.051
"201";201;23319.02;197900.005
"202";202;23239.654;197867.919
"203";203;23249.232;197866.511
"204";204;23255.485;197866.529
"205";205;23253.583;197866.79
"206";206;23251.195;197867.658
"207";207;23241.299;197867.197
"208";208;23248.244;197868.754
"209";209;23243.259;197868.328
"210";210;23318.759;197899.836
"211";211;23318.989;197899.592
"212";212;23318.479;197899.259
"213";213;23318.985;197899.174
"214";214;23318.217;197899.486
"215";215;23274.43;197875.095
"216";216;23275.452;197873.065
"217";217;23238.905;197865.185
"218";218;23243.242;197869.662
"219";219;23320.099;197898.529
"220";220;23250.087;197868.011
"221";221;23273.954;197873.243
"222";222;23268.484;197875.388
"223";223;23268.699;197874.556
"224";224;23279.27;197873.83
"225";225;23271.784;197874.969
"226";226;23271.279;197873.982
"227";227;23279.401;197881.039
"228";228;23273.081;197875.522
"229";229;23273.37;197874.445
"230";230;23273.108;197873.858
"231";231;23271.195;197875.648
"232";232;23281.667;197881.165
"233";233;23280.833;197885.839
"234";234;23281.4;197881.234
"235";235;23280.153;197885.257
"236";236;23280.883;197884.375
"237";237;23280.13;197880.667
"238";238;23281.107;197884.652
"239";239;23280.539;197880.134
"240";240;23281.834;197880.441
"241";241;23291.963;197883.04
"242";242;23301.225;197883.518
"243";243;23300.228;197884.099
"244";244;23318.718;197900.002
"245";245;23283.924;197892.854
"246";246;23272.918;197893.425
"247";247;23271.654;197893.649
"248";248;23270.969;197893.433
"249";249;23269.988;197890.748
"250";250;23318.043;197900.078
"251";251;23319.824;197899.471
"252";252;23320.825;197898.629
"253";253;23313.919;197900.045
"254";254;23300.23;197887.567
"255";255;23302.988;197886.847
"256";256;23300.598;197886.248
"257";257;23280.766;197891.975
"258";258;23272.919;197894.382
"259";259;23272.145;197894.35
"260";260;23280.752;197884.713
"261";261;23282.111;197892.962
"262";262;23275.935;197885.362
"263";263;23275.986;197884.974
"264";264;23276.259;197882.528
"265";265;23276.985;197885.109
"266";266;23276.396;197884.5
"267";267;23275.225;197885.285
"268";268;23276.006;197885.045
"269";269;23275.024;197883.739
"270";270;23247.067;197865.119
"271";271;23239.244;197865.106
"272";272;23254.296;197865.822
"273";273;23256.057;197866.61
"274";274;23240.835;197868.114
"275";275;23273.831;197873.949
"276";276;23271.378;197874.65
"277";277;23270.864;197875.786
"278";278;23276.859;197874.311
"279";279;23269.979;197876.548
"280";280;23273.762;197891.287
"281";281;23241.038;197867.251
"282";282;23270.519;197881.32
"283";283;23270.694;197893.492
"284";284;23272.541;197894.39
"285";285;23313.734;197899.931
"286";286;23313.77;197899.505
"287";287;23316.745;197899.379
"288";288;23272.993;197893.901
"289";289;23300.896;197883.155
"290";290;23263.626;197876.89
"291";291;23260.683;197889.858
"292";292;23264.431;197876.46
"293";293;23264.603;197876.105
"294";294;23264.811;197877.062
"295";295;23269.628;197891.646
"296";296;23273.231;197894.058
"297";297;23262.672;197877.511
"298";298;23271.334;197874.876
"299";299;23263.53;197890.23
"300";300;23264.422;197875.813
"301";301;23263.214;197876.584
"302";302;23262.643;197876.479
"303";303;23262.783;197875.825
"304";304;23258.681;197892.866
"305";305;23264.594;197875.832
"306";306;23258.515;197892.662
"307";307;23260.091;197877.737
"308";308;23270.082;197891.608
"309";309;23272.342;197875.722
"310";310;23275.008;197872.866
"311";311;23283.237;197891.026
"312";312;23284.498;197891.515
"313";313;23281.154;197892.499
"314";314;23282.05;197892.922
"315";315;23282.509;197890.996
"316";316;23282.515;197893.131
"317";317;23281.802;197893.118
"318";318;23280.86;197881.585
"319";319;23279.394;197882.795
"320";320;23264.024;197878.778
"321";321;23242.471;197870.137
"322";322;23250.619;197869.031
"323";323;23264.12;197879.215
"324";324;23272.507;197878.262
"325";325;23275.805;197876.179
"326";326;23276.141;197873.63
"327";327;23273.789;197875.489
"328";328;23263.868;197879.363
"329";329;23273.939;197872.389
"330";330;23262.807;197879.296
"331";331;23263.74;197879.412
"332";332;23257.991;197892.04
"333";333;23260.198;197890.333
"334";334;23278.163;197892.267
"335";335;23263.702;197879.113
"336";336;23261.932;197879.179
"337";337;23282.875;197890.945
"338";338;23272.038;197894.068
"339";339;23271.945;197894.394
"340";340;23275.686;197890.211
"341";341;23318.002;197899.193
"342";342;23315.731;197899.281
"343";343;23317.25;197899.142
"344";344;23317.327;197900.197
"345";345;23313.718;197900.101
"346";346;23317.581;197898.978
"347";347;23272.873;197874.761
"348";348;23273.537;197875.875
"349";349;23273.398;197874.197
"350";350;23269.782;197879.458
"351";351;23270.754;197876.567
"352";352;23270.464;197876.139
"353";353;23273.444;197874.454
"354";354;23273.684;197874.533
"355";355;23258.934;197893.487
"356";356;23260.587;197892.634
"357";357;23271.244;197894.07
"358";358;23271.26;197892.886
"359";359;23272.829;197893.719
"360";360;23272.182;197893.572
"361";361;23264.973;197875.969
"362";362;23242.19;197864.901
"363";363;23243.083;197864.277
"364";364;23238.622;197865.392
"365";365;23240.449;197870.586
"366";366;23238.39;197866.549
"367";367;23238.715;197865.607
"368";368;23238.319;197866.804
"369";369;23238.534;197866.079
"370";370;23239.197;197871.222
"371";371;23238.035;197869.192
"372";372;23239.982;197868.433
"373";373;23238.447;197870.271
"374";374;23254.142;197867.247
"375";375;23255.524;197868.179
"376";376;23281.413;197884.216
"377";377;23244.107;197869.947
"378";378;23243.692;197869.731
"379";379;23302.232;197882.673
"380";380;23280.82;197885.754
"381";381;23280.524;197885.857
"382";382;23280.419;197885.466
"383";383;23281.57;197883.555
"384";384;23279.182;197892.598
"385";385;23269.513;197882.31
"386";386;23271.3;197883.058
"387";387;23272.127;197882.349
"388";388;23270.456;197884.464
"389";389;23270.192;197882.086
"390";390;23272.197;197882.268
"391";391;23272.741;197874.928
"392";392;23273.31;197877.132
"393";393;23318.392;197893.831
"394";394;23273.453;197875.819
"395";395;23315.021;197892.522
"396";396;23316.247;197893.137
"397";397;23281.967;197879.293
"398";398;23280.627;197885.485
"399";399;23282.108;197879.919
"400";400;23277.975;197883.592
"401";401;23271.885;197894.085
"402";402;23278.762;197882.689
"403";403;23280.705;197885.501
"404";404;23277.134;197885.089
"405";405;23272.09;197894.375
"406";406;23260.302;197889.382
"407";407;23258.632;197891.91
"408";408;23258.909;197893.709
"409";409;23258.633;197893.374
"410";410;23258.83;197893.679
"411";411;23259.135;197893.446
"412";412;23258.437;197894.414
"413";413;23261.139;197893.471
"414";414;23258.408;197893.269
"415";415;23258.245;197894.243
"416";416;23258.836;197891.992
"417";417;23262.183;197893.154
"418";418;23258.425;197893.865
"419";419;23259.066;197893.483
"420";420;23259.063;197893.575
"421";421;23260.039;197893.21
"422";422;23257.315;197862.123
"423";423;23253.544;197866.745
"424";424;23245.418;197867.696
"425";425;23243.292;197867.078
"426";426;23238.966;197864.882
"427";427;23239.314;197869.13
"428";428;23238.734;197865.494
"429";429;23239.083;197865.345
"430";430;23238.524;197865.935
"431";431;23238.435;197865.938
"432";432;23239.211;197869.625
"433";433;23245.709;197867.32
"434";434;23273.788;197872.636
"435";435;23271.336;197873.999
"436";436;23271.192;197874.874
"437";437;23278.825;197879.639
"438";438;23268.873;197874.846
"439";439;23275.692;197877.308
"440";440;23276.093;197883.495
"441";441;23271.162;197879.95
"442";442;23268.554;197880.78
"443";443;23283.834;197890.717
"444";444;23319.989;197899.407
"445";445;23313.294;197903.913
"446";446;23316.789;197899.473
"447";447;23316.807;197899.31
"448";448;23318.705;197897.829
"449";449;23319.402;197899.066
"450";450;23316.959;197899.993
"451";451;23315.496;197898.797
"452";452;23280.164;197892.549
"453";453;23281.164;197882.685
"454";454;23280.716;197883.091
"455";455;23281.418;197884.482
"456";456;23281.334;197884.162
"457";457;23275.824;197882.946
"458";458;23276.033;197885.554
"459";459;23280.955;197884.406
"460";460;23280.81;197892.024
"461";461;23279.589;197881.033
"462";462;23282.948;197892.046
"463";463;23279.857;197881.112
"464";464;23280.289;197880.963
"465";465;23278.84;197881.414
"466";466;23275.214;197877.034
"467";467;23275.57;197877.7
"468";468;23275.539;197877.068
"469";469;23274.9355;197876.4095
"470";470;23272.286;197875.769
"471";471;23272.708;197875.096
"472";472;23268.907;197874.225
"473";473;23262.181;197879.622
"474";474;23262.941;197880.203
"475";475;23263.248;197879.968
"476";476;23263.277;197879.624
"477";477;23264.643;197880.021
"478";478;23269.411;197875.917
"479";479;23262.209;197876.936
"480";480;23253.21;197875.269
"481";481;23263.319;197879.656
"482";482;23262.232;197880.498
"483";483;23263.698;197880.761
"484";484;23258.826;197891.702
"485";485;23259.13;197892.676
"486";486;23258.821;197893.476
"487";487;23259.757;197893.507
"488";488;23258.799;197893.81
"489";490;23258.732;197891.9
"490";491;23238.343;197867.414
"491";492;23238.961;197866.229
"492";493;23241.009;197865.472
"493";494;23274.59;197892.398
"494";495;23274.608;197892.306
"495";496;23277.399;197884.838
"496";497;23277.379;197885.28
"497";498;23238.536;197866.446
"498";499;23253.753;197870.173
"499";500;23318.686;197894.138
"500";501;23316.291;197893.139
"501";502;23317.449;197893.848
"502";503;23318.084;197900.363
"503";504;23316.821;197892.954
"504";505;23264.147;197875.777
"505";506;23264.304;197875.683
"506";507;23267.041;197879.798
"507";508;23267.375;197878.307
"508";509;23269.548;197872.826
"509";510;23259.578;197878.455
"510";511;23266.084;197880.409
"511";512;23258.64;197892.008
"512";513;23269.52;197880.43
"513";514;23258.705;197893.848
"514";515;23263.013;197890.025
"515";516;23260.643;197892.975
"516";517;23260.307;197894.896
"517";518;23259.635;197894.367
"518";519;23260.496;197893.751
"519";520;23270.539;197894.208
"520";521;23271.248;197885
"521";522;23271.863;197883.411
"522";523;23277.355;197884.937
"523";524;23274.494;197891.81
"524";525;23273.092;197891.917
"525";526;23261.808;197876.816
"526";527;23265.08;197877.588
"527";528;23243.634;197867.065
"528";529;23241.714;197869.743
"529";530;23265.53;197881.182
"530";531;23261.44;197891.22
"531";532;23266.07;197880.088
"532";533;23266.917;197878.269
"533";534;23301.282;197887.053
"534";535;23316.309;197899.267
"535";536;23320.497;197898.695
"536";537;23281.656;197886.23
"537";538;23281.308;197879.956
"538";539;23280.576;197880.073
"539";540;23279.033;197881.262
"540";541;23279.075;197880.788
"541";542;23278.939;197881.281
"542";543;23272.847;197881.842
"543";544;23272.86;197882.124
"544";545;23271.774;197883.382
"545";546;23271.792;197881.619
"546";547;23270.074;197883.098
"547";548;23270.917;197884.212
"548";549;23274.354;197872.69
"549";550;23271.319;197875.571
"550";551;23272.123;197877.588
"551";552;23270.003;197875.753
"552";553;23270.73;197875.155
"553";554;23272.362;197877.587
"554";555;23241.347;197867.246
"555";556;23239.549;197868.343
"556";557;23280.82;197881.25
"557";558;23268.981;197890.739
"558";559;23271.924;197890.076
"559";560;23269.039;197891.895
"560";561;23267.069;197891.772
"561";562;23275.612;197876.547
"562";563;23283.908;197879.601
"563";564;23281.554;197884.297
"564";565;23269.32;197891.923
"565";566;23265.548;197879.975
"566";567;23280.959;197881.21
"567";568;23280.517;197880.84
"568";569;23282.152;197883.588
"569";570;23282.37;197892.379
"570";571;23281.519;197892.306
"571";572;23281.024;197892.477
"572";573;23278.888;197893.265
"573";574;23283.901;197880.064
"574";575;23280.539;197892.346
"575";576;23283.831;197879.601
"576";577;23239.088;197864.909
"577";578;23238.859;197865.242
"578";579;23239.292;197864.861
"579";580;23237.752;197868.057
"580";581;23238.688;197866.313
"581";582;23283.131;197880.178
"582";583;23280.246;197880.848
"583";584;23281.011;197880.441
"584";585;23280.087;197881.909
"585";586;23283.241;197881.084
"586";587;23280.905;197878.403
"587";588;23276.76;197873.668
"588";589;23276.331;197876.994
"589";590;23280.204;197881.952
"590";591;23280.269;197882.703
"591";592;23272.82;197894.122
"592";593;23272.523;197894.206
"593";594;23263.322;197890.012
"594";595;23258.53;197892.409
"595";596;23258.289;197894.207
"596";597;23258.884;197892.072
"597";598;23259.016;197893.379
"598";599;23279.344;197893.594
"599";600;23244.564;197868.174
"600";601;23312.847;197898.918
"601";602;23319.277;197900.087
"602";603;23317.059;197893.319
"603";604;23320.34;197898.553
"604";605;23276.963;197881.385
"605";606;23278.666;197882.899
"606";607;23276.512;197875.187
"607";608;23318.595;197899.251
"608";609;23316.152;197899.178
"609";610;23280.856;197892.392
"610";611;23283.475;197890.461
"611";612;23284.622;197892.849
"612";613;23274.751;197891.01
"613";614;23278.836;197880.864
"614";615;23280.446;197880.491
"615";616;23279.079;197880.205
"616";617;23280.369;197879.221
"617";618;23280.458;197882.59
"618";619;23280.039;197882.18
"619";620;23280.498;197885.797
"620";621;23280.514;197885.854
"621";622;23281.036;197892.172
"622";623;23272.694;197883.412
"623";624;23266.357;197890.996
"624";625;23266.225;197889.843
"625";626;23265.816;197890.164
"626";627;23263.989;197890.131
"627";628;23258.684;197892.696
"628";629;23237.816;197865.596
"629";630;23281.712;197883.808
"630";631;23274.603;197891.556
"631";632;23266.457;197890.98
"632";633;23263.443;197891.23
"633";634;23239.085;197865.041
"634";635;23238.584;197865.41
"635";636;23312.966;197900.541
"636";637;23312.691;197899.987
"637";638;23317.485;197899.429
"638";639;23316.002;197893.652
"639";640;23312.982;197899.73
"640";641;23315.895;197894.011
"641";642;23269.268;197891.793
"642";643;23258.139;197892.487
"643";644;23280.836;197884.552
"644";645;23284.323;197892.067
"645";646;23281.578;197888.447
"646";647;23304.787;197888.834
"647";648;23316.95;197902.534
"648";649;23320.12;197899.428
"649";650;23313.209;197900.418
"650";651;23280.501;197892.816
"651";652;23281.572;197882.344
"652";653;23280.324;197879.846
"653";654;23281.018;197881.328
"654";655;23280.526;197881.498
"655";656;23279.976;197877.537
"656";657;23275.968;197884.974
"657";658;23275.607;197884.954
"658";659;23275.925;197885.267
"659";660;23274.508;197883.123
"660";661;23276.246;197882.913
"661";662;23271.418;197885.692
"662";663;23265.687;197889.544
"663";664;23262.32;197891.132
"664";665;23250.279;197868.673
"665";666;23263.344;197875.952
"666";667;23254.099;197867.76
"667";668;23253.667;197870.031
"668";669;23253.389;197870.041
"669";670;23264.741;197878.743
"670";671;23252.561;197869.266
"671";672;23253.465;197869.964
"672";673;23318.326;197900.233
"673";674;23318.19;197900.065
"674";675;23264.894;197879.925
"675";676;23265.684;197879.912
"676";677;23319.288;197899.202
"677";678;23280.641;197885.725
"678";679;23280.574;197883.132
"679";680;23280.786;197881.179
"680";681;23280.891;197879.727
"681";682;23278.378;197883.945
"682";683;23278.701;197881.281
"683";684;23279.746;197879.795
"684";685;23279.696;197880.445
"685";686;23281.346;197881.705
"686";687;23277.333;197879.564
"687";688;23278.791;197880.689
"688";689;23278.342;197884.137
"689";690;23283.858;197887.879
"690";691;23280.914;197893.143
"691";692;23280.966;197886.134
"692";693;23283.863;197892.729
"693";694;23282.75;197892.831
"694";695;23281.21;197893.859
"695";696;23285.021;197880.191
"696";697;23279.527;197893.262
"697";698;23275.82;197892.079
"698";699;23281.848;197893.549
"699";700;23264.994;197878.629
"700";701;23269.68;197882.056
"701";702;23264.715;197878.901
"702";703;23273.539;197879.063
"703";704;23277.106;197881.479
"704";705;23268.158;197891.681
"705";706;23268.667;197889.842
"706";707;23269.862;197890.783
"707";708;23264.277;197890.032
"708";709;23266.966;197890.706
"709";710;23267.26;197890.524
"710";711;23263.575;197890.82
"711";712;23263.582;197891.919
"712";713;23266.717;197892.137
"713";714;23266.492;197894.352
"714";715;23239.185;197870.863
"715";716;23238.107;197868.752
"716";717;23319.514;197899.363
"717";718;23313.149;197900.169
"718";719;23313.452;197899.384
"719";720;23315.527;197898.878
"720";721;23316.992;197899.694
"721";722;23317.126;197900.337
"722";723;23317.252;197899.434
"723";724;23316.83;197900.437
"724";725;23317.06;197900.199
"725";726;23316.098;197900.292
"726";727;23316.707;197900.137
"727";728;23320.431;197898.073
"728";729;23316.611;197900.452
"729";730;23318.156;197898.214
"730";731;23315.982;197899.202
"731";732;23272.685;197874.923
"732";733;23273.254;197874.386
"733";734;23264.364;197875.746
"734";735;23264.821;197879.846
"735";736;23267.117;197891.982
"736";737;23277.224;197879.757
"737";738;23278.191;197881.044
"738";739;23277.023;197880.446
"739";740;23277.599;197880.107
"740";741;23272.446;197878.735
"741";742;23278.915;197893.245
"742";743;23279.177;197893.309
"743";744;23278.414;197893.026
"744";745;23277.284;197891.111
"745";746;23280.707;197893.935
"746";747;23279.008;197894.038
"747";748;23277.139;197892.168
"748";749;23275.55;197892.222
"749";750;23266.041;197890.514
"750";751;23263.928;197890.038
"751";752;23263.194;197890.392
"752";753;23262.086;197893.272
"753";754;23261.467;197893.058
"754";755;23254.24;197895.256
"755";756;23255.795;197895.647
"756";757;23241.965;197872.179
"757";758;23239.666;197871.552
"758";759;23240.573;197870.633
"759";760;23241.777;197869.415
"760";761;23241.369;197871.646
"761";762;23280.856;197885.94
"762";763;23276.619;197892.338
"763";764;23265.753;197893.43
"764";765;23260.605;197892.535
"765";766;23261.467;197893.302
"766";767;23262.088;197890.795
"767";768;23259.095;197893.577
"768";769;23259.694;197892.727
"769";770;23316.391;197893.927
"770";771;23314.039;197898.788
"771";772;23298.855;197886.128
"772";773;23264.816;197879.931
"773";774;23270.861;197881.801
"774";775;23266.673;197891.676
"775";776;23266.924;197891.712
"776";777;23266.178;197892.11
"777";778;23268.808;197893.792
"778";779;23266.463;197893.837
"779";780;23265.068;197892.955
"780";781;23265.39;197892.687
"781";782;23259.317;197892.962
"782";783;23273.968;197892.42
"783";784;23276.82;197879.245
"784";785;23257.225;197877.133
"785";786;23244.689;197869.799
"786";787;23238.259;197865.485
"787";788;23243.569;197867.652
"788";789;23316.308;197900.595
"789";790;23318.72;197899.337
"790";791;23319.113;197898.962
"791";792;23316.829;197899.388
"792";793;23315.985;197899.895
"793";794;23319.316;197899.817
"794";795;23320.515;197898.283
"795";796;23305.144;197888.761
"796";797;23297.569;197881.64
"797";798;23277.471;197881.546
"798";799;23283.267;197883.171
"799";800;23283.042;197880.813
"800";801;23276.838;197880.259
"801";802;23281.131;197884.783
"802";803;23280.606;197887.067
"803";804;23280.283;197892.912
"804";805;23282.882;197893.79
"805";806;23272.756;197884.037
"806";807;23275.741;197884.016
"807";808;23275.231;197884.299
"808";809;23275.399;197884.33
"809";810;23275.316;197885.108
"810";811;23282.379;197892.391
"811";812;23276.371;197892.941
"812";813;23276.732;197892.499
"813";814;23276.993;197892.346
"814";815;23277.058;197892.099
"815";816;23276.916;197893.229
"816";817;23273.055;197894.105
"817";818;23268.705;197893.942
"818";819;23266.908;197891.833
"819";820;23268.736;197890.064
"820";821;23277.069;197892.789
"821";822;23262.298;197892.466
"822";823;23267.377;197891.053
"823";824;23258.6;197894.412
"824";825;23260.944;197875.447
"825";826;23265.131;197876.132
"826";827;23271.804;197877.615
"827";828;23260.317;197876.647
"828";829;23273.439;197885.129
"829";830;23253.373;197896.732
"830";831;23270.915;197878.707
"831";832;23279.471;197880.981
"832";833;23280.784;197879.906
"833";834;23275.38;197885.254
"834";835;23275.714;197884.299
"835";836;23318.992;197899.359
"836";837;23319.121;197898.974
"837";838;23264.601;197890.615
"838";839;23243.325;197867.4
"839";840;23281.392;197882.914
"840";841;23271.144;197887.348
"841";842;23254.969;197866.921
"842";843;23283.878;197894.079
"843";844;23295.046;197893.431
"844";845;23284.9;197874.719
"845";846;23263.916;197889.998
"846";847;23263.092;197889.916
"847";848;23253.718;197897.422
"848";849;23253.354;197896.927
"849";850;23247.051;197870.306
"850";851;23256.729;197867.583
"851";852;23281.804;197882.56
"852";853;23284.604;197891.77
"853";854;23286.084;197891.376
"854";855;23316.796;197899.796
"855";856;23315.784;197900.117
"856";857;23267.487;197891.303
"857";858;23268.705;197892.819
"858";859;23268.26;197892.174
"859";860;23241.969;197868.144
"860";861;23260.003;197890.303
"861";862;23294.53;197893.389
"862";863;23281.303;197885.455
"863";864;23275.32;197878.882
"864";865;23262.997;197875.983
"865";866;23257.854;197866.304
"866";867;23264.937;197880.03
"867";868;23275.575;197884.932
"868";869;23276.267;197884.454
"869";870;23259.721;197892.274
"870";871;23260.605;197889.764
"871";872;23260.479;197892.675
"872";873;23280.234;197892.414
"873";874;23317.771;197900.148
"874";875;23282.233;197893.13
"875";876;23318.079;197900.076
"876";877;23265.617;197890.003
"877";878;23245.896;197868.377
"878";879;23251.931;197869.712
"879";880;23271.423;197885.257
"880";881;23295.471;197891.389
"881";882;23317.016;197899.015
"882";883;23284.431;197871.526
"883";884;23280.695;197879.798
"884";885;23282.717;197880.195
"885";886;23281.321;197885.523
"886";887;23283.034;197889.852
"887";888;23277.369;197892.849
"888";889;23258.747;197893.806
"889";890;23263.286;197879.947
"890";891;23260.746;197877.012
"891";892;23314.242;197904.808
"892";893;23316.546;197893.066
"893";894;23291.469;197895.019
"894";895;23264.965;197890.411
"895";896;23280.162;197885.222
"896";897;23262.163;197893.403
"897";898;23261.881;197893.347
"898";899;23263.303;197893.447
"899";900;23275.023;197879.877
"900";901;23263.868;197879.481
"901";902;23275.951;197880.899
"902";903;23317.442;197898.514
"903";904;23241.739;197870.922
"904";905;23238.409;197865.446
"905";906;23246.479;197865.965
"906";907;23275.466;197879.444
"907";908;23280.628;197887.07
"908";909;23304.826;197888.951
"909";910;23304.733;197888.773
"910";911;23280.983;197886.49
"911";912;23263.86;197893.7
"912";913;23259.859;197877.935
"913";914;23253.444;197895.767
"914";915;23280.995;197881.785
"915";916;23282.046;197893.427
"916";917;23316.503;197894.208
"917";918;23269.064;197890.913
"918";919;23237.655;197866.128
"919";920;23255.754;197867.441
"920";921;23280.868;197884.273
"921";922;23274.764;197893.307
"922";923;23275.593;197891.353
"923";924;23280.89;197884.615
"924";925;23254.97;197875.633
"925";926;23317.435;197898.608
"926";927;23269.218;197876.865
"927";928;23249.218;197867.16
"928";929;23247.393;197864.512
"929";930;23238.499;197867.278
"930";931;23240.263;197868.722
"931";932;23251.225;197866.73
"932";933;23245.931;197868.404
"933";934;23248.391;197866.784
"934";935;23245.628;197868.029
"935";936;23252.511;197866.748
"936";937;23245.717;197868.12
"937";938;23264.777;197878.476
"938";939;23277.687;197877.851
"939";940;23281.747;197884.447
"940";941;23275.291;197890.939
"941";942;23246.306;197864.188
"942";943;23251.01;197868.043
"943";944;23238.502;197868.815
"944";945;23247.945;197865.707
"945";946;23276.947;197891.927
"946";947;23249.825;197867.113
"947";948;23300.317;197885.699
"948";949;23300.171;197884.969
"949";950;23280.305;197892.726
"950";951;23261.281;197878.435
"951";952;23263.648;197878.434
"952";953;23280.326;197891.879
"953";954;23251.506;197866.437
"954";955;23281.561;197891.568
"955";956;23275.363;197884.301
"956";957;23276.336;197884.759
"957";958;23281.126;197892.033
"958";959;23280.706;197886.15
"959";960;23317.557;197900.215
"960";961;23319.15;197898.726
"961";962;23320.073;197898.351
"962";963;23270.824;197890.491
"963";964;23273.034;197881.271
"964";965;23248.381;197864.931
"965";966;23253.407;197867.632
"966";967;23276.649;197879.293
"967";968;23277.02;197874.658
"968";969;23281.329;197881.248
"969";970;23280.882;197883.582
"970";971;23259.448;197892.985
"971";972;23281.279;197885.53
"972";973;23274.607;197890.584
"973";974;23270.579;197890.852
"974";975;23256.623;197867.733
"975";976;23275.775;197877.921
"976";977;23243.175;197864.081
"977";978;23245.379;197866.076
"978";979;23301.11;197885.095
"979";980;23320.191;197898.796
"980";981;23319.616;197898.279
"981";982;23270.031;197876.559
"982";983;23267.503;197878.16
"983";984;23267.288;197879.571
"984";985;23264.566;197877.846
"985";986;23264.696;197878.688
"986";987;23267.536;197880.033
"987";988;23264.883;197879.267
"988";989;23249.404;197867.237
"989";990;23280.181;197884.883
"990";991;23283.821;197891.398
"991";992;23284.123;197891.995
"992";993;23303.082;197887.198
"993";994;23280.427;197885.546
"994";995;23280.694;197887.55
"995";996;23262.171;197877.875
"996";997;23274.078;197874.735
"997";998;23272.117;197876.166
"998";999;23281.526;197893.248
"999";1000;23274.933;197883.576
"1000";1001;23264.771;197878.492
"1001";1002;23274.721;197883.444
"1002";1003;23280.693;197883.718
"1003";1004;23304.774;197888.344
"1004";1005;23270.724;197893.479
"1005";1006;23317.483;197898.832
"1006";1007;23246.816;197864.412
"1007";1008;23316.042;197892.73
"1008";1009;23318.987;197899.163
"1009";1010;23319.233;197900.434
"1010";1011;23299.961;197887.094
"1011";1012;23300.382;197885.606
"1012";1013;23258.327;197892.905
"1013";1014;23244.536;197883.64
"1014";1015;23242.467;197867.77
"1015";1016;23280.106;197882.481
"1016";1017;23271.036;197885.721
"1017";1018;23280.966;197891.52
