"scenario"	"file_path"	"2"	"5"	"10"	"15"	"20"	"30"	"40"	"0"	"2"	"4"	"6"	"8"	"10"	"12"	"14"	"internal_loops"	"all_loops"	"dens_undirected"	"dens_directed"	"reciproc"	"transitivity_und"	"transitivity_dir"
"1"	"Random"	"Output Random 0 02_03_2021 10_11.txt"	15.8871315316758	92.6333797027785	357.838185157743	795.613225699155	1393.36883556383	3017.94607627878	5207.92149350407	0.914671399290645	0.689118132470472	0.701014398487994	0.943609572490794	1.04975248413313	0.96173986118756	0.995064602541139	0.999835321413717	0.0833333333333334	144	0.927272727272727	0.672727272727273	0.621621621621622	0.929577464788732	0.929577464788732
"2"	"Random"	"Output Random 1 02_03_2021 10_11.txt"	15.0397837824784	90.6343668360965	353.797181717556	783.127909818015	1363.39981258906	2999.49660376264	5234.59922642978	0.298905620590524	1.23302299882382	0.612070005270401	1.07409250685525	0.978775418662505	0.881246760930811	0.900723713641279	0.897634974411109	0.0901639344262295	122	0.872727272727273	0.663636363636364	0.684931506849315	0.858288770053476	0.858288770053476
"3"	"Random"	"Output Random 2 02_03_2021 10_11.txt"	15.6240230348374	94.1569021107296	361.742243310735	790.354598570969	1375.32473645584	2952.87448412038	5124.12399618318	0.573070596498459	0.927373769150109	1.00046251798993	0.990369978636892	0.933502649280571	0.901821491638741	0.892418517907851	0.782776946694563	0.125	152	0.909090909090909	0.736363636363636	0.765432098765432	0.899262899262899	0.899262899262899
"4"	"Random"	"Output Random 3 02_03_2021 10_11.txt"	16.3437289043217	95.7365464335563	367.596240211815	804.325490875833	1383.18666001513	2984.20803998033	5107.96883067375	1.35112320401926	0.88077855210868	0.821358089782413	1.03742724614138	0.838895939583141	0.954090253132589	1.07228274280226	0.801786895579166	0.106382978723404	141	0.909090909090909	0.627272727272727	0.550724637681159	0.909535452322738	0.909535452322738
"5"	"Random"	"Output Random 4 02_03_2021 10_11.txt"	15.5132080428917	92.1643828257616	356.956613351062	788.446411199826	1385.08494630913	3016.87012679517	5224.177093841	2.16799625981681	1.03986206932221	0.86924052576327	1.20936457734101	0.89472513665217	0.974134738577275	1.16829291887563	0.784153487794667	0.0921985815602837	141	0.945454545454546	0.690909090909091	0.631578947368421	0.943438914027149	0.943438914027149
"6"	"Random"	"Output Random 5 02_03_2021 10_11.txt"	15.6857808483924	94.7023352784155	365.107600059528	800.474986825607	1380.2251542158	2986.46876587699	5114.82711360224	1.50919947475115	1.03853335798064	1.06841063481815	1.10619391769628	0.883953894233523	0.837313596765422	0.810763964041513	1.08200799113265	0.145038167938931	131	0.872727272727273	0.645454545454545	0.647887323943662	0.858288770053476	0.858288770053476
"7"	"Random"	"Output Random 6 02_03_2021 10_11.txt"	14.8204775662315	95.084288323061	374.393515024	827.103802952061	1416.07470223041	2905.33498265858	4924.497885982	1.06850187745134	0.85906501730802	1.09097783808939	0.968598269403187	0.911198737216297	0.994070234380903	0.943476062299944	0.930193377869112	0.141843971631206	141	0.909090909090909	0.636363636363636	0.571428571428571	0.899262899262899	0.899262899262899
"8"	"Random"	"Output Random 7 02_03_2021 10_11.txt"	15.3383845008535	92.7167413659191	363.084782494746	802.037236845526	1390.79659984573	2978.56402401037	5115.59845627336	1.00340935103003	1.03199454545824	0.907094682523127	1.06496782654495	0.872735410754367	1.03432027698198	1.02303430604881	0.904804146929281	0.0677966101694916	118	0.890909090909091	0.681818181818182	0.693333333333333	0.880102040816326	0.880102040816326
"9"	"Random"	"Output Random 8 02_03_2021 10_11.txt"	15.6160649384868	94.5524142625623	365.867207269686	803.782956645681	1386.967282568	2963.36971537755	5087.5240824701	1.55208228301315	0.945830015265471	1.19453857434316	1.11949735374986	0.997103969394338	0.916750146041453	0.996608480146664	0.852316316410675	0.0675675675675675	148	0.872727272727273	0.663636363636364	0.684931506849315	0.861702127659574	0.861702127659574
"10"	"Random"	"Output Random 9 02_03_2021 10_11.txt"	16.5346269414859	96.6962709904888	361.920550373186	788.881605228039	1371.04293289373	2999.47288731082	5158.84406892279	1.05392855136686	0.955785914986535	0.915019643061746	1.0166573468045	0.807204312766166	1.04019032995341	1.05354041587606	0.885031645189066	0.118181818181818	110	0.818181818181818	0.6	0.636363636363636	0.824773413897281	0.824773413897281
"11"	"UNIFORM"	"Output UNIFORM 0 02_03_2021 10_11.txt"	17.6249364745631	111.532126378859	413.654468317739	874.059354163719	1460.64308744548	2938.13714844578	4984.06655459546	0.203173097701413	1.35998196252397	0.979087449815323	0.960648346126474	0.996948273067448	0.964994053789979	0.940959948879626	1.00010708519135	0.446280991735537	121	0.363636363636364	0.281818181818182	0.709677419354839	0.590163934426229	0.590163934426229
"12"	"UNIFORM"	"Output UNIFORM 1 02_03_2021 10_11.txt"	15.4635801437321	95.4881133857864	357.123991738304	786.359460649006	1361.62234034005	2954.16666120312	5081.83665158938	1.30625923427283	0.874236845761199	0.944624719373833	0.755762999559756	0.911837424798992	1.04206404218259	0.949948539667243	0.900960941134449	0.587155963302752	109	0.290909090909091	0.227272727272727	0.72	0.461538461538462	0.461538461538462
"13"	"UNIFORM"	"Output UNIFORM 2 02_03_2021 10_11.txt"	18.253465477061	109.736387723067	423.669455743273	903.368649195919	1515.67064903427	3172.15158471117	5359.8044580078	1.03388630938884	1.13986530585085	1.01437817201406	1.21570788551487	1.08694287268598	1.13761997791529	0.968638462355224	1.08892056752912	0.0866141732283464	127	0.890909090909091	0.636363636363636	0.6	0.887755102040816	0.887755102040816
"14"	"UNIFORM"	"Output UNIFORM 3 02_03_2021 10_11.txt"	44.5915679527414	198.278694118739	583.630478843907	1155.88210599219	1927.45617937425	3562.58761680293	4909.44879396864	0.524804431471756	1.05598086729313	0.988603793061762	0.929584107146461	0.999243238172712	1.01269897159118	0.939067634420416	0.961840078008673	0.0827067669172933	133	0.872727272727273	0.627272727272727	0.608695652173913	0.86968085106383	0.86968085106383
"15"	"UNIFORM"	"Output UNIFORM 4 02_03_2021 10_11.txt"	16.1147807032587	92.380707573579	354.146868596389	783.518544056414	1347.11184519033	2896.28662316823	4979.6732926167	1.16680395263233	0.795721905959942	0.923621082062771	0.997917376660872	0.8230542387875	1.0224264743996	0.87418909936332	0.807449360967453	0.122950819672131	122	0.836363636363636	0.654545454545455	0.722222222222222	0.842406876790831	0.842406876790831
"16"	"UNIFORM"	"Output UNIFORM 5 02_03_2021 10_11.txt"	15.1853139297583	93.6968371023304	365.275418166881	789.359080960817	1352.10457885399	2953.41098989372	5096.3251644798	1.18942828880726	1.01307006668233	0.922344221371976	0.882960239407139	0.863582056361023	0.84443367774324	1.05386487020189	0.934527495269909	0.517730496453901	141	0.418181818181818	0.345454545454545	0.789473684210526	0.576923076923077	0.576923076923077
"17"	"UNIFORM"	"Output UNIFORM 6 02_03_2021 10_11.txt"	46.7635281420146	197.38167198083	536.325867638284	1085.65343631692	1842.68189813455	3599.36506928434	5127.75813350398	1.26658041315406	0.948013856312937	0.977104350270971	1.07588985782599	0.850029840811856	0.965908641173581	0.881467585115444	0.897774465863924	0.11304347826087	115	0.745454545454545	0.518181818181818	0.56140350877193	0.795053003533569	0.795053003533569
"18"	"UNIFORM"	"Output UNIFORM 7 02_03_2021 10_11.txt"	26.6493686528633	146.679057681564	495.780378780683	1014.78573076143	1572.93509034089	2890.11610930964	4872.08061360208	1.82818381887697	1.67215430495663	1.4242457543857	1.11994591595509	1.09092550457741	1.0117738127642	0.998745210117372	0.859252149296512	0.0975609756097561	123	0.763636363636364	0.590909090909091	0.707692307692308	0.755244755244755	0.755244755244755
"19"	"UNIFORM"	"Output UNIFORM 8 02_03_2021 10_11.txt"	20.4221335084314	114.247660776849	419.557571380016	927.48030961615	1581.29013804549	3255.41129237196	5411.54566129048	0.880563971531655	1.11976810949154	1.05920300899946	0.938925888258528	0.799605076378439	0.822877437901409	0.852742410778598	0.895747630476518	0.110169491525424	118	0.854545454545454	0.581818181818182	0.53125	0.837988826815642	0.837988826815642
"20"	"UNIFORM"	"Output UNIFORM 9 02_03_2021 10_11.txt"	28.6763738767301	160.521813190667	499.664856737316	1008.02948082933	1656.37910464531	3385.90136086755	5302.86605360969	1.39355102429769	0.949087749536522	0.925015718797476	1.01419038928579	1.03326805180159	0.887126901915075	0.831670012979723	1.03374834626232	0.128787878787879	132	0.818181818181818	0.618181818181818	0.676470588235294	0.828828828828829	0.828828828828829
"21"	"FIXED"	"Output FIXED 0 02_03_2021 10_11.txt"	22.7828590453284	122.489759032583	423.753679850132	911.094868569116	1601.95198376972	3318.13124510644	5299.9714524976	1.90941877672877	0.937342477194849	0.998466925690289	1.13221403176056	1.06044001681375	0.99683371537357	0.94168744846813	0.838067851649284	0.126126126126126	111	0.872727272727273	0.627272727272727	0.608695652173913	0.86968085106383	0.86968085106383
"22"	"FIXED"	"Output FIXED 1 02_03_2021 10_11.txt"	21.2905006328867	119.464231599796	426.783627859674	903.654005720116	1553.10162009031	3192.27075779239	5146.67461162569	0.670996353615559	0.788184289364892	0.929314586198519	0.863757124862931	0.927063316736644	1.00075716311079	0.960456929887158	1.06083703398369	0.123076923076923	130	0.818181818181818	0.609090909090909	0.656716417910448	0.822289156626506	0.822289156626506
"23"	"FIXED"	"Output FIXED 2 02_03_2021 10_11.txt"	19.8723991101472	114.230349660266	408.683267933498	871.35293824006	1527.25931904749	3285.41393920546	5294.3231694181	0.913696105798482	0.879962212974481	0.914828951122263	1.28552157772861	0.957555620141458	1.034565780878	0.940332640529219	1.01615553838822	0.159090909090909	132	0.909090909090909	0.663636363636364	0.63013698630137	0.904411764705882	0.904411764705882
"24"	"FIXED"	"Output FIXED 3 02_03_2021 10_11.txt"	37.6787499956114	167.59282370892	486.096406106812	1023.44978427895	1755.8199520892	3457.61721613519	5165.54267782199	1.04091614661516	0.953788583828365	0.979629859374115	1.01242655678385	0.917538494073374	0.911542610272151	0.87263304486243	0.855405411335862	0.148148148148148	135	0.854545454545454	0.636363636363636	0.657142857142857	0.861878453038674	0.861878453038674
"25"	"FIXED"	"Output FIXED 4 02_03_2021 10_12.txt"	24.5684265366402	131.105635103636	430.810927902303	898.116424883907	1560.92127178302	3251.37268431813	5323.47882552469	0.781605399450172	0.960735511835634	1.01593566166449	0.881305758179274	0.967123446899971	0.868246687610275	0.970170819033456	0.943913231640981	0.206106870229008	131	0.781818181818182	0.590909090909091	0.676923076923077	0.803921568627451	0.803921568627451
"26"	"FIXED"	"Output FIXED 5 02_03_2021 10_12.txt"	17.1069286693452	101.133585221443	381.275652493168	829.934522811046	1456.16460468454	3152.12531829641	5330.98055178623	0.852854885856982	1.03845173507321	1.0780537359225	1.15045190277544	1.04205783330814	0.950067636701646	0.987091482505716	0.906098332039113	0.145833333333333	144	0.909090909090909	0.7	0.701298701298701	0.904411764705882	0.904411764705882
"27"	"FIXED"	"Output FIXED 6 02_03_2021 10_12.txt"	21.3750984138373	120.532838276376	423.997676198049	900.929663108315	1592.14326817321	3349.55729071195	5311.60928752508	1.75453237811676	1.00626987895252	1.0773354061521	0.870845163623352	0.94280736874102	0.997519614506991	0.875329758129	0.993479750541948	0.0930232558139535	129	0.8	0.627272727272727	0.72463768115942	0.818181818181818	0.818181818181818
"28"	"FIXED"	"Output FIXED 7 02_03_2021 10_12.txt"	19.0211199780646	108.274192798358	402.816932235864	878.819418351344	1528.21805597742	3232.53523186933	5309.83955864786	1.91265095580797	1.15639760943964	1.15692179502873	0.908805117690942	0.927216107023802	0.905212160635202	0.98884646965568	0.932673258414403	0.12396694214876	121	0.836363636363636	0.581818181818182	0.5625	0.826086956521739	0.826086956521739
"29"	"FIXED"	"Output FIXED 8 02_03_2021 10_12.txt"	19.2558808409016	96.4818385894429	367.898653822439	802.697493331499	1389.92653744717	2980.3479132455	5082.02568277801	0.625341963093868	0.896056851700893	1.02563808607582	1.17187154902859	0.854857613036617	0.891444325565461	0.90634560499323	0.797868403349765	0.871287128712871	101	0.181818181818182	0.109090909090909	0.333333333333333	0.3	0.3
"30"	"FIXED"	"Output FIXED 9 02_03_2021 10_12.txt"	21.4754587016157	125.752487259347	450.877675074718	933.915736081421	1614.21854044025	3425.9602730896	5374.54957345836	1.09604479007696	1.18745138820506	1.01528250997545	0.888717969474989	0.992180689226031	0.980622593355206	0.883578891613649	1.14391265512082	0.217054263565892	129	0.836363636363636	0.609090909090909	0.626865671641791	0.853448275862069	0.853448275862069
"31"	"FLEXIBLE"	"Output FLEXIBLE 0 02_03_2021 10_12.txt"	19.3198630505194	110.278032339179	405.465866642932	870.770067985437	1534.0064455382	3249.17949391613	5268.11749832732	1.65887544763848	0.924411000191237	0.951547355567739	0.99948143617464	0.856575859120366	0.870438679788761	1.12312418520364	0.915433620178955	0.208	125	0.890909090909091	0.645454545454545	0.619718309859155	0.887755102040816	0.887755102040816
"32"	"FLEXIBLE"	"Output FLEXIBLE 1 02_03_2021 10_12.txt"	19.9468529427438	112.585217284079	404.461450148573	863.373335141612	1488.71786881814	3186.32818497975	5292.84726012677	1.50494064581775	0.864592239280891	0.919238206855157	1.06853974341834	0.795176466595775	0.965316307664895	0.943603138853189	0.897563371841534	0.395973154362416	149	0.763636363636364	0.536363636363636	0.576271186440678	0.76551724137931	0.76551724137931
"33"	"FLEXIBLE"	"Output FLEXIBLE 2 02_03_2021 10_13.txt"	31.9615146006775	154.967974225652	487.92879092153	988.342907552356	1677.14617446013	3396.27236386839	5206.41778667144	1.14539866297921	1.05695798896808	0.940518089715791	0.839983848501457	0.900278096631887	0.904502746956079	0.987751743348778	0.806651491262568	0.11965811965812	117	0.781818181818182	0.590909090909091	0.676923076923077	0.818181818181818	0.818181818181818
"34"	"FLEXIBLE"	"Output FLEXIBLE 3 02_03_2021 10_13.txt"	30.668926833809	143.639501372525	449.922678709405	954.052635976416	1633.99318410991	3355.50557515963	5158.9145388164	0.683832298911514	0.899188305697796	0.915059186066055	0.936799815026984	0.934924587192879	0.98558498022113	0.941837635455533	1.1947457719628	0.17037037037037	135	0.818181818181818	0.627272727272727	0.695652173913043	0.81570996978852	0.81570996978852
"35"	"FLEXIBLE"	"Output FLEXIBLE 4 02_03_2021 10_13.txt"	14.9475306205295	92.0941721243234	359.257969962188	794.447225101349	1398.70374131071	3049.5005095738	5234.97411395388	0.871586293194786	0.878761801318492	0.886512244749857	0.946537518305346	1.00525870103524	0.996620138164255	0.916349867613038	1.03621175758811	0.614754098360656	122	0.472727272727273	0.290909090909091	0.375	0.459459459459459	0.459459459459459
"36"	"FLEXIBLE"	"Output FLEXIBLE 5 02_03_2021 10_13.txt"	19.1056921481459	114.420615784564	411.919227759608	875.517419661948	1507.53122982464	3104.40609081374	5216.360127946	0.545098812278647	0.799951020931292	1.02958607339366	0.97124959154711	1.06521802742919	0.887550999948075	0.990543266929175	0.877548255843852	0.521739130434783	115	0.672727272727273	0.381818181818182	0.238095238095238	0.676991150442478	0.676991150442478
"37"	"FLEXIBLE"	"Output FLEXIBLE 6 02_03_2021 10_13.txt"	20.4689361308969	113.072585168877	409.163158133378	873.472917712604	1527.67073714321	3237.41931897396	5388.85182537007	1.53347142132555	1.16468150020899	0.968913853779171	0.945426703158347	0.955185115359607	0.986146866148242	0.958205891576847	0.922052519684192	0.121951219512195	123	0.781818181818182	0.554545454545455	0.590163934426229	0.799342105263158	0.799342105263158
"38"	"FLEXIBLE"	"Output FLEXIBLE 7 02_03_2021 10_13.txt"	25.3807404472733	130.769724468042	428.658130277594	900.019994559418	1571.98110603756	3308.79703526551	5226.51538011089	0.970366362334919	0.840822790061334	1.05307013931903	0.927941725707609	1.11576813462361	0.934169319949252	0.93528967164179	0.8377154600197	0.16551724137931	145	0.890909090909091	0.7	0.727272727272727	0.893129770992366	0.893129770992366
"39"	"FLEXIBLE"	"Output FLEXIBLE 8 02_03_2021 10_13.txt"	17.2418594134586	102.80203711302	386.423642727711	842.608048011395	1470.91204976245	3164.74889214218	5257.0302662655	0.554698936622235	1.25349971077307	0.818707736116513	0.872161799538299	1.07705483880285	0.905552498222557	0.906556675818487	0.916216860649432	0.185840707964602	113	0.836363636363636	0.6	0.606060606060606	0.802941176470588	0.802941176470588
"40"	"FLEXIBLE"	"Output FLEXIBLE 9 02_03_2021 10_13.txt"	47.4524328489045	193.509415848004	554.194459707322	1067.23605264988	1797.31167456628	3619.09332005675	5081.95627097488	1.05728233405394	0.946272554317931	0.942757805163344	0.90693082547763	0.97849075717025	1.06209311823806	0.970892037449912	1.03791291968131	0.2109375	128	0.745454545454545	0.554545454545455	0.655737704918033	0.771428571428571	0.771428571428571
