"X";"NestID";"x";"y";"real_nest";"cluster"
"2";2;2;23245.619;197864.259;1;"11"
"5";5;5;23239.572;197870.415;1;"11"
"13";13;13;23256.358;197867.049;1;"6"
"22";22;22;23244.368;197864.926;1;"11"
"23";23;23;23243.702;197867.891;1;"11"
"24";24;24;23255.462;197875.77;1;"4"
"27";27;27;23264.598;197877.116;1;"4"
"44";44;44;23255.752;197867.056;1;"6"
"45";45;45;23239.925;197868.603;1;"11"
"47";47;47;23245.223;197865.867;1;"11"
"48";48;48;23244.491;197866.075;1;"11"
"52";52;52;23241.189;197867.503;1;"11"
"54";54;54;23239.201;197870.291;1;"11"
"59";59;59;23249.944;197869.106;1;"6"
"66";66;66;23240.862;197868.581;1;"11"
"68";68;68;23246.979;197865.155;1;"6"
"72";72;72;23279.721;197877.897;1;"1"
"74";74;74;23272.577;197893.851;1;"5"
"78";78;78;23271.853;197875.416;1;"7"
"79";79;79;23273.222;197874.383;1;"7"
"81";81;81;23275.291;197882.198;1;"9"
"82";82;82;23275.365;197882.292;1;"9"
"91";91;91;23317.218;197899.732;1;"8"
"92";92;92;23320.243;197899.033;1;"8"
"97";97;97;23319.095;197899.897;1;"8"
"102";102;102;23275.189;197885.045;1;"9"
"112";112;112;23258.139;197890.932;1;"2"
"113";112;112;23258.139;197890.932;1;"2"
"114";113;113;23260.147;197893.101;1;"2"
"121";120;120;23246.77;197866.293;1;"6"
"123";122;122;23246.083;197868.457;1;"11"
"131";130;130;23319.898;197898.502;1;"8"
"132";131;131;23318.72;197897.988;1;"8"
"133";132;132;23317.926;197899.576;1;"8"
"137";136;136;23321.096;197898.639;1;"8"
"139";138;138;23319.401;197898.578;1;"8"
"140";139;139;23318.627;197898.919;1;"8"
"141";140;140;23319.472;197899.213;1;"8"
"147";146;146;23300.9;197887.686;1;"10"
"151";150;150;23276.363;197872.545;1;"7"
"154";153;153;23273.484;197873.908;1;"7"
"156";155;155;23277.107;197873.18;1;"7"
"157";156;156;23276.093;197873.279;1;"7"
"158";157;157;23277.571;197872.844;1;"7"
"160";159;159;23276.233;197873.411;1;"7"
"162";161;161;23273.499;197874.82;1;"7"
"163";162;162;23276.197;197882.618;1;"9"
"165";164;164;23271.628;197881.788;1;"9"
"167";166;166;23276.051;197884.487;1;"9"
"168";167;167;23274.305;197891.158;1;"5"
"169";168;168;23275.157;197883.907;1;"9"
"173";172;172;23274.074;197883.72;1;"9"
"174";173;173;23275.304;197884.433;1;"9"
"176";175;175;23242.226;197870.319;1;"11"
"177";176;176;23238.699;197866.299;1;"11"
"180";179;179;23316.319;197902.219;1;"8"
"181";180;180;23319.296;197899.797;1;"8"
"183";182;182;23270.288;197890.121;1;"5"
"184";183;183;23280.095;197893.651;1;"3"
"185";184;184;23280.52;197892.391;1;"3"
"187";186;186;23274.243;197874.524;1;"7"
"188";187;187;23274.017;197874.688;1;"7"
"190";189;189;23271.491;197874.649;1;"7"
"191";190;190;23272.787;197874.669;1;"7"
"192";190;190;23272.787;197874.669;1;"7"
"193";191;191;23273.456;197874.939;1;"7"
"194";192;192;23268.612;197875.951;1;"7"
"195";193;193;23269.147;197878.476;1;"7"
"196";194;194;23273.156;197874.296;1;"7"
"197";195;195;23273.598;197874.56;1;"7"
"198";196;196;23272.546;197875.615;1;"7"
"200";198;198;23241.598;197867.754;1;"11"
"201";199;199;23239.204;197869.161;1;"11"
"202";199;199;23239.204;197869.161;1;"11"
"206";203;203;23249.232;197866.511;1;"6"
"207";203;203;23249.232;197866.511;1;"6"
"208";204;204;23255.485;197866.529;1;"6"
"209";205;205;23253.583;197866.79;1;"6"
"210";206;206;23251.195;197867.658;1;"6"
"211";207;207;23241.299;197867.197;1;"11"
"212";208;208;23248.244;197868.754;1;"6"
"213";208;208;23248.244;197868.754;1;"6"
"215";210;210;23318.759;197899.836;1;"8"
"216";211;211;23318.989;197899.592;1;"8"
"217";212;212;23318.479;197899.259;1;"8"
"222";217;217;23238.905;197865.185;1;"11"
"225";220;220;23250.087;197868.011;1;"6"
"227";222;222;23268.484;197875.388;1;"7"
"228";223;223;23268.699;197874.556;1;"7"
"230";225;225;23271.784;197874.969;1;"7"
"233";228;228;23273.081;197875.522;1;"7"
"235";230;230;23273.108;197873.858;1;"7"
"236";231;231;23271.195;197875.648;1;"7"
"241";236;236;23280.883;197884.375;1;"1"
"243";238;238;23281.107;197884.652;1;"1"
"245";240;240;23281.834;197880.441;1;"1"
"252";247;247;23271.654;197893.649;1;"5"
"253";248;248;23270.969;197893.433;1;"5"
"255";250;250;23318.043;197900.078;1;"8"
"256";251;251;23319.824;197899.471;1;"8"
"257";252;252;23320.825;197898.629;1;"8"
"258";253;253;23313.919;197900.045;1;"8"
"259";254;254;23300.23;197887.567;1;"10"
"261";256;256;23300.598;197886.248;1;"10"
"262";257;257;23280.766;197891.975;1;"3"
"264";259;259;23272.145;197894.35;1;"5"
"265";260;260;23280.752;197884.713;1;"1"
"266";261;261;23282.111;197892.962;1;"3"
"271";266;266;23276.396;197884.5;1;"9"
"272";267;267;23275.225;197885.285;1;"9"
"273";267;267;23275.225;197885.285;1;"9"
"275";269;269;23275.024;197883.739;1;"9"
"276";270;270;23247.067;197865.119;1;"6"
"277";271;271;23239.244;197865.106;1;"11"
"278";272;272;23254.296;197865.822;1;"6"
"282";276;276;23271.378;197874.65;1;"7"
"285";279;279;23269.979;197876.548;1;"7"
"286";280;280;23273.762;197891.287;1;"5"
"288";282;282;23270.519;197881.32;1;"9"
"289";283;283;23270.694;197893.492;1;"5"
"292";286;286;23313.77;197899.505;1;"8"
"293";287;287;23316.745;197899.379;1;"8"
"294";288;288;23272.993;197893.901;1;"5"
"296";290;290;23263.626;197876.89;1;"4"
"298";292;292;23264.431;197876.46;1;"4"
"301";295;295;23269.628;197891.646;1;"5"
"303";297;297;23262.672;197877.511;1;"4"
"308";302;302;23262.643;197876.479;1;"4"
"309";303;303;23262.783;197875.825;1;"4"
"310";304;304;23258.681;197892.866;1;"2"
"317";311;311;23283.237;197891.026;1;"3"
"319";313;313;23281.154;197892.499;1;"3"
"320";314;314;23282.05;197892.922;1;"3"
"322";316;316;23282.515;197893.131;1;"3"
"323";317;317;23281.802;197893.118;1;"3"
"324";318;318;23280.86;197881.585;1;"1"
"325";319;319;23279.394;197882.795;1;"1"
"326";320;320;23264.024;197878.778;1;"4"
"327";321;321;23242.471;197870.137;1;"11"
"328";322;322;23250.619;197869.031;1;"6"
"330";324;324;23272.507;197878.262;1;"7"
"333";327;327;23273.789;197875.489;1;"7"
"334";328;328;23263.868;197879.363;1;"4"
"337";331;331;23263.74;197879.412;1;"4"
"338";332;332;23257.991;197892.04;1;"2"
"341";335;335;23263.702;197879.113;1;"4"
"344";338;338;23272.038;197894.068;1;"5"
"345";339;339;23271.945;197894.394;1;"5"
"346";340;340;23275.686;197890.211;1;"3"
"347";341;341;23318.002;197899.193;1;"8"
"348";342;342;23315.731;197899.281;1;"8"
"349";343;343;23317.25;197899.142;1;"8"
"350";344;344;23317.327;197900.197;1;"8"
"352";346;346;23317.581;197898.978;1;"8"
"353";347;347;23272.873;197874.761;1;"7"
"354";348;348;23273.537;197875.875;1;"7"
"359";353;353;23273.444;197874.454;1;"7"
"361";355;355;23258.934;197893.487;1;"2"
"364";358;358;23271.26;197892.886;1;"5"
"365";359;359;23272.829;197893.719;1;"5"
"366";360;360;23272.182;197893.572;1;"5"
"367";361;361;23264.973;197875.969;1;"4"
"370";364;364;23238.622;197865.392;1;"11"
"371";365;365;23240.449;197870.586;1;"11"
"372";366;366;23238.39;197866.549;1;"11"
"373";367;367;23238.715;197865.607;1;"11"
"374";368;368;23238.319;197866.804;1;"11"
"378";372;372;23239.982;197868.433;1;"11"
"379";373;373;23238.447;197870.271;1;"11"
"380";374;374;23254.142;197867.247;1;"6"
"381";375;375;23255.524;197868.179;1;"6"
"382";376;376;23281.413;197884.216;1;"1"
"384";378;378;23243.692;197869.731;1;"11"
"386";380;380;23280.82;197885.754;1;"1"
"387";381;381;23280.524;197885.857;1;"1"
"389";383;383;23281.57;197883.555;1;"1"
"390";384;384;23279.182;197892.598;1;"3"
"391";385;385;23269.513;197882.31;1;"9"
"392";386;386;23271.3;197883.058;1;"9"
"393";387;387;23272.127;197882.349;1;"9"
"395";389;389;23270.192;197882.086;1;"9"
"396";390;390;23272.197;197882.268;1;"9"
"397";391;391;23272.741;197874.928;1;"7"
"398";392;392;23273.31;197877.132;1;"7"
"401";395;395;23315.021;197892.522;1;"8"
"403";397;397;23281.967;197879.293;1;"1"
"404";398;398;23280.627;197885.485;1;"1"
"406";400;400;23277.975;197883.592;1;"1"
"407";401;401;23271.885;197894.085;1;"5"
"408";402;402;23278.762;197882.689;1;"1"
"409";403;403;23280.705;197885.501;1;"1"
"412";406;406;23260.302;197889.382;1;"2"
"413";407;407;23258.632;197891.91;1;"2"
"415";409;409;23258.633;197893.374;1;"2"
"416";410;410;23258.83;197893.679;1;"2"
"417";411;411;23259.135;197893.446;1;"2"
"418";412;412;23258.437;197894.414;1;"2"
"419";413;413;23261.139;197893.471;1;"2"
"420";414;414;23258.408;197893.269;1;"2"
"421";415;415;23258.245;197894.243;1;"2"
"423";417;417;23262.183;197893.154;1;"2"
"431";425;425;23243.292;197867.078;1;"11"
"432";426;426;23238.966;197864.882;1;"11"
"433";427;427;23239.314;197869.13;1;"11"
"435";429;429;23239.083;197865.345;1;"11"
"436";430;430;23238.524;197865.935;1;"11"
"437";431;431;23238.435;197865.938;1;"11"
"444";438;438;23268.873;197874.846;1;"7"
"446";440;440;23276.093;197883.495;1;"9"
"447";441;441;23271.162;197879.95;1;"9"
"455";449;449;23319.402;197899.066;1;"8"
"456";450;450;23316.959;197899.993;1;"8"
"459";453;453;23281.164;197882.685;1;"1"
"461";455;455;23281.418;197884.482;1;"1"
"462";456;456;23281.334;197884.162;1;"1"
"463";457;457;23275.824;197882.946;1;"9"
"465";459;459;23280.955;197884.406;1;"1"
"466";460;460;23280.81;197892.024;1;"3"
"467";461;461;23279.589;197881.033;1;"1"
"468";462;462;23282.948;197892.046;1;"3"
"469";463;463;23279.857;197881.112;1;"1"
"470";464;464;23280.289;197880.963;1;"1"
"471";465;465;23278.84;197881.414;1;"1"
"473";467;467;23275.57;197877.7;1;"7"
"475";469;469;23274.9355;197876.4095;1;"7"
"476";470;470;23272.286;197875.769;1;"7"
"477";471;471;23272.708;197875.096;1;"7"
"480";474;474;23262.941;197880.203;1;"4"
"483";477;477;23264.643;197880.021;1;"4"
"484";478;478;23269.411;197875.917;1;"7"
"485";479;479;23262.209;197876.936;1;"4"
"486";480;480;23253.21;197875.269;1;"6"
"487";481;481;23263.319;197879.656;1;"4"
"488";482;482;23262.232;197880.498;1;"4"
"490";484;484;23258.826;197891.702;1;"2"
"491";485;485;23259.13;197892.676;1;"2"
"494";488;488;23258.799;197893.81;1;"2"
"495";489;490;23258.732;197891.9;1;"2"
"497";491;492;23238.961;197866.229;1;"11"
"501";495;496;23277.399;197884.838;1;"9"
"503";497;498;23238.536;197866.446;1;"11"
"504";498;499;23253.753;197870.173;1;"6"
"505";499;500;23318.686;197894.138;1;"8"
"506";500;501;23316.291;197893.139;1;"8"
"507";501;502;23317.449;197893.848;1;"8"
"508";502;503;23318.084;197900.363;1;"8"
"509";503;504;23316.821;197892.954;1;"8"
"510";504;505;23264.147;197875.777;1;"4"
"511";505;506;23264.304;197875.683;1;"4"
"512";505;506;23264.304;197875.683;1;"4"
"514";507;508;23267.375;197878.307;1;"4"
"515";508;509;23269.548;197872.826;1;"7"
"519";512;513;23269.52;197880.43;1;"9"
"520";513;514;23258.705;197893.848;1;"2"
"522";515;516;23260.643;197892.975;1;"2"
"523";516;517;23260.307;197894.896;1;"2"
"524";517;518;23259.635;197894.367;1;"2"
"525";518;519;23260.496;197893.751;1;"2"
"528";521;522;23271.863;197883.411;1;"9"
"530";523;524;23274.494;197891.81;1;"5"
"532";525;526;23261.808;197876.816;1;"4"
"534";527;528;23243.634;197867.065;1;"11"
"535";528;529;23241.714;197869.743;1;"11"
"536";529;530;23265.53;197881.182;1;"4"
"541";534;535;23316.309;197899.267;1;"8"
"544";537;538;23281.308;197879.956;1;"1"
"545";538;539;23280.576;197880.073;1;"1"
"546";539;540;23279.033;197881.262;1;"1"
"548";541;542;23278.939;197881.281;1;"1"
"549";542;543;23272.847;197881.842;1;"9"
"551";544;545;23271.774;197883.382;1;"9"
"552";545;546;23271.792;197881.619;1;"9"
"553";546;547;23270.074;197883.098;1;"9"
"554";547;548;23270.917;197884.212;1;"9"
"555";548;549;23274.354;197872.69;1;"7"
"556";549;550;23271.319;197875.571;1;"7"
"558";551;552;23270.003;197875.753;1;"7"
"559";552;553;23270.73;197875.155;1;"7"
"560";553;554;23272.362;197877.587;1;"7"
"561";554;555;23241.347;197867.246;1;"11"
"562";555;556;23239.549;197868.343;1;"11"
"564";557;558;23268.981;197890.739;1;"5"
"565";558;559;23271.924;197890.076;1;"5"
"566";559;560;23269.039;197891.895;1;"5"
"568";561;562;23275.612;197876.547;1;"7"
"569";562;563;23283.908;197879.601;1;"1"
"570";563;564;23281.554;197884.297;1;"1"
"571";564;565;23269.32;197891.923;1;"5"
"572";565;566;23265.548;197879.975;1;"4"
"574";567;568;23280.517;197880.84;1;"1"
"575";568;569;23282.152;197883.588;1;"1"
"576";569;570;23282.37;197892.379;1;"3"
"577";570;571;23281.519;197892.306;1;"3"
"578";571;572;23281.024;197892.477;1;"3"
"579";572;573;23278.888;197893.265;1;"3"
"580";573;574;23283.901;197880.064;1;"1"
"582";575;576;23283.831;197879.601;1;"1"
"583";576;577;23239.088;197864.909;1;"11"
"584";577;578;23238.859;197865.242;1;"11"
"585";578;579;23239.292;197864.861;1;"11"
"587";580;581;23238.688;197866.313;1;"11"
"588";581;582;23283.131;197880.178;1;"1"
"590";583;584;23281.011;197880.441;1;"1"
"592";585;586;23283.241;197881.084;1;"1"
"593";586;587;23280.905;197878.403;1;"1"
"595";588;589;23276.331;197876.994;1;"7"
"596";589;590;23280.204;197881.952;1;"1"
"599";592;593;23272.523;197894.206;1;"5"
"600";593;594;23263.322;197890.012;1;"2"
"601";594;595;23258.53;197892.409;1;"2"
"602";595;596;23258.289;197894.207;1;"2"
"604";597;598;23259.016;197893.379;1;"2"
"607";600;601;23312.847;197898.918;1;"8"
"610";603;604;23320.34;197898.553;1;"8"
"611";604;605;23276.963;197881.385;1;"9"
"612";605;606;23278.666;197882.899;1;"1"
"613";606;607;23276.512;197875.187;1;"7"
"614";607;608;23318.595;197899.251;1;"8"
"616";609;610;23280.856;197892.392;1;"3"
"617";610;611;23283.475;197890.461;1;"3"
"618";611;612;23284.622;197892.849;1;"3"
"619";612;613;23274.751;197891.01;1;"5"
"620";613;614;23278.836;197880.864;1;"1"
"621";614;615;23280.446;197880.491;1;"1"
"622";615;616;23279.079;197880.205;1;"1"
"623";616;617;23280.369;197879.221;1;"1"
"624";617;618;23280.458;197882.59;1;"1"
"626";619;620;23280.498;197885.797;1;"1"
"627";620;621;23280.514;197885.854;1;"1"
"629";622;623;23272.694;197883.412;1;"9"
"630";623;624;23266.357;197890.996;1;"5"
"631";624;625;23266.225;197889.843;1;"5"
"632";625;626;23265.816;197890.164;1;"5"
"633";626;627;23263.989;197890.131;1;"2"
"635";628;629;23237.816;197865.596;1;"11"
"638";631;632;23266.457;197890.98;1;"5"
"642";635;636;23312.966;197900.541;1;"8"
"643";636;637;23312.691;197899.987;1;"8"
"645";638;639;23316.002;197893.652;1;"8"
"646";639;640;23312.982;197899.73;1;"8"
"647";640;641;23315.895;197894.011;1;"8"
"650";643;644;23280.836;197884.552;1;"1"
"651";643;644;23280.836;197884.552;1;"1"
"652";644;645;23284.323;197892.067;1;"3"
"653";645;646;23281.578;197888.447;1;"3"
"654";646;647;23304.787;197888.834;1;"10"
"656";648;649;23320.12;197899.428;1;"8"
"658";650;651;23280.501;197892.816;1;"3"
"661";653;654;23281.018;197881.328;1;"1"
"662";654;655;23280.526;197881.498;1;"1"
"664";656;657;23275.968;197884.974;1;"9"
"665";657;658;23275.607;197884.954;1;"9"
"666";658;659;23275.925;197885.267;1;"9"
"667";659;660;23274.508;197883.123;1;"9"
"668";660;661;23276.246;197882.913;1;"9"
"671";663;664;23262.32;197891.132;1;"2"
"673";665;666;23263.344;197875.952;1;"4"
"675";667;668;23253.667;197870.031;1;"6"
"676";668;669;23253.389;197870.041;1;"6"
"677";669;670;23264.741;197878.743;1;"4"
"678";670;671;23252.561;197869.266;1;"6"
"680";672;673;23318.326;197900.233;1;"8"
"681";673;674;23318.19;197900.065;1;"8"
"682";674;675;23264.894;197879.925;1;"4"
"683";675;676;23265.684;197879.912;1;"4"
"684";676;677;23319.288;197899.202;1;"8"
"685";676;677;23319.288;197899.202;1;"8"
"689";680;681;23280.891;197879.727;1;"1"
"691";682;683;23278.701;197881.281;1;"1"
"699";690;691;23280.914;197893.143;1;"3"
"700";691;692;23280.966;197886.134;1;"1"
"701";692;693;23283.863;197892.729;1;"3"
"702";693;694;23282.75;197892.831;1;"3"
"703";694;695;23281.21;197893.859;1;"3"
"704";695;696;23285.021;197880.191;1;"1"
"705";696;697;23279.527;197893.262;1;"3"
"709";700;701;23269.68;197882.056;1;"9"
"710";701;702;23264.715;197878.901;1;"4"
"711";702;703;23273.539;197879.063;1;"7"
"714";705;706;23268.667;197889.842;1;"5"
"715";706;707;23269.862;197890.783;1;"5"
"716";707;708;23264.277;197890.032;1;"2"
"717";708;709;23266.966;197890.706;1;"5"
"719";710;711;23263.575;197890.82;1;"2"
"720";711;712;23263.582;197891.919;1;"2"
"724";715;716;23238.107;197868.752;1;"11"
"725";716;717;23319.514;197899.363;1;"8"
"726";717;718;23313.149;197900.169;1;"8"
"727";718;719;23313.452;197899.384;1;"8"
"728";719;720;23315.527;197898.878;1;"8"
"729";720;721;23316.992;197899.694;1;"8"
"730";721;722;23317.126;197900.337;1;"8"
"731";722;723;23317.252;197899.434;1;"8"
"732";723;724;23316.83;197900.437;1;"8"
"733";724;725;23317.06;197900.199;1;"8"
"734";725;726;23316.098;197900.292;1;"8"
"735";726;727;23316.707;197900.137;1;"8"
"737";728;729;23316.611;197900.452;1;"8"
"738";729;730;23318.156;197898.214;1;"8"
"740";731;732;23272.685;197874.923;1;"7"
"741";732;733;23273.254;197874.386;1;"7"
"743";734;735;23264.821;197879.846;1;"4"
"745";736;737;23277.224;197879.757;1;"1"
"747";738;739;23277.023;197880.446;1;"9"
"748";739;740;23277.599;197880.107;1;"1"
"750";741;742;23278.915;197893.245;1;"3"
"751";742;743;23279.177;197893.309;1;"3"
"752";743;744;23278.414;197893.026;1;"3"
"753";744;745;23277.284;197891.111;1;"3"
"754";745;746;23280.707;197893.935;1;"3"
"755";746;747;23279.008;197894.038;1;"3"
"756";747;748;23277.139;197892.168;1;"3"
"757";748;749;23275.55;197892.222;1;"3"
"758";749;750;23266.041;197890.514;1;"5"
"759";750;751;23263.928;197890.038;1;"2"
"761";752;753;23262.086;197893.272;1;"2"
"762";753;754;23261.467;197893.058;1;"2"
"763";754;755;23254.24;197895.256;1;"2"
"764";755;756;23255.795;197895.647;1;"2"
"765";756;757;23241.965;197872.179;1;"11"
"766";757;758;23239.666;197871.552;1;"11"
"767";758;759;23240.573;197870.633;1;"11"
"770";761;762;23280.856;197885.94;1;"1"
"771";762;763;23276.619;197892.338;1;"3"
"773";764;765;23260.605;197892.535;1;"2"
"774";765;766;23261.467;197893.302;1;"2"
"775";766;767;23262.088;197890.795;1;"2"
"776";767;768;23259.095;197893.577;1;"2"
"777";768;769;23259.694;197892.727;1;"2"
"778";769;770;23316.391;197893.927;1;"8"
"779";770;771;23314.039;197898.788;1;"8"
"780";771;772;23298.855;197886.128;1;"10"
"781";772;773;23264.816;197879.931;1;"4"
"786";777;778;23268.808;197893.792;1;"5"
"787";778;779;23266.463;197893.837;1;"5"
"791";782;783;23273.968;197892.42;1;"5"
"794";785;786;23244.689;197869.799;1;"11"
"795";786;787;23238.259;197865.485;1;"11"
"796";787;788;23243.569;197867.652;1;"11"
"797";788;789;23316.308;197900.595;1;"8"
"798";789;790;23318.72;197899.337;1;"8"
"799";790;791;23319.113;197898.962;1;"8"
"800";791;792;23316.829;197899.388;1;"8"
"802";793;794;23319.316;197899.817;1;"8"
"806";797;798;23277.471;197881.546;1;"1"
"807";798;799;23283.267;197883.171;1;"1"
"808";799;800;23283.042;197880.813;1;"1"
"809";800;801;23276.838;197880.259;1;"9"
"812";803;804;23280.283;197892.912;1;"3"
"813";804;805;23282.882;197893.79;1;"3"
"815";806;807;23275.741;197884.016;1;"9"
"816";807;808;23275.231;197884.299;1;"9"
"817";808;809;23275.399;197884.33;1;"9"
"818";809;810;23275.316;197885.108;1;"9"
"819";810;811;23282.379;197892.391;1;"3"
"820";811;812;23276.371;197892.941;1;"3"
"821";812;813;23276.732;197892.499;1;"3"
"822";813;814;23276.993;197892.346;1;"3"
"823";814;815;23277.058;197892.099;1;"3"
"824";815;816;23276.916;197893.229;1;"3"
"825";816;817;23273.055;197894.105;1;"5"
"826";817;818;23268.705;197893.942;1;"5"
"827";818;819;23266.908;197891.833;1;"5"
"829";820;821;23277.069;197892.789;1;"3"
"831";822;823;23267.377;197891.053;1;"5"
"832";823;824;23258.6;197894.412;1;"2"
"833";824;825;23260.944;197875.447;1;"4"
"834";825;826;23265.131;197876.132;1;"4"
"835";826;827;23271.804;197877.615;1;"7"
"836";827;828;23260.317;197876.647;1;"4"
"838";829;830;23253.373;197896.732;1;"2"
"839";830;831;23270.915;197878.707;1;"7"
"840";831;832;23279.471;197880.981;1;"1"
"841";832;833;23280.784;197879.906;1;"1"
"842";833;834;23275.38;197885.254;1;"9"
"844";835;836;23318.992;197899.359;1;"8"
"845";836;837;23319.121;197898.974;1;"8"
"846";837;838;23264.601;197890.615;1;"2"
"849";840;841;23271.144;197887.348;1;"5"
"852";843;844;23295.046;197893.431;1;"10"
"855";846;847;23263.092;197889.916;1;"2"
"860";851;852;23281.804;197882.56;1;"1"
"863";854;855;23316.796;197899.796;1;"8"
"864";855;856;23315.784;197900.117;1;"8"
"866";857;858;23268.705;197892.819;1;"5"
"867";858;859;23268.26;197892.174;1;"5"
"872";863;864;23275.32;197878.882;1;"7"
"873";864;865;23262.997;197875.983;1;"4"
"874";865;866;23257.854;197866.304;1;"6"
"875";866;867;23264.937;197880.03;1;"4"
"876";867;868;23275.575;197884.932;1;"9"
"880";871;872;23260.479;197892.675;1;"2"
"882";873;874;23317.771;197900.148;1;"8"
"883";874;875;23282.233;197893.13;1;"3"
"884";875;876;23318.079;197900.076;1;"8"
"886";877;878;23245.896;197868.377;1;"11"
"891";882;883;23284.431;197871.526;1;"1"
"892";883;884;23280.695;197879.798;1;"1"
"896";887;888;23277.369;197892.849;1;"3"
"897";888;889;23258.747;197893.806;1;"2"
"898";889;890;23263.286;197879.947;1;"4"
"900";891;892;23314.242;197904.808;1;"8"
"901";892;893;23316.546;197893.066;1;"8"
"904";895;896;23280.162;197885.222;1;"1"
"905";896;897;23262.163;197893.403;1;"2"
"906";897;898;23261.881;197893.347;1;"2"
"908";899;900;23275.023;197879.877;1;"9"
"909";900;901;23263.868;197879.481;1;"4"
"912";903;904;23241.739;197870.922;1;"11"
"913";904;905;23238.409;197865.446;1;"11"
"916";907;908;23280.628;197887.07;1;"1"
"917";908;909;23304.826;197888.951;1;"10"
"918";909;910;23304.733;197888.773;1;"10"
"921";912;913;23259.859;197877.935;1;"4"
"923";914;915;23280.995;197881.785;1;"1"
"925";916;917;23316.503;197894.208;1;"8"
"927";918;919;23237.655;197866.128;1;"11"
"931";922;923;23275.593;197891.353;1;"3"
"932";923;924;23280.89;197884.615;1;"1"
"934";925;926;23317.435;197898.608;1;"8"
"937";928;929;23247.393;197864.512;1;"6"
"938";929;930;23238.499;197867.278;1;"11"
"941";932;933;23245.931;197868.404;1;"11"
"942";933;934;23248.391;197866.784;1;"6"
"944";935;936;23252.511;197866.748;1;"6"
"949";940;941;23275.291;197890.939;1;"3"
"951";942;943;23251.01;197868.043;1;"6"
"954";945;946;23276.947;197891.927;1;"3"
"956";947;948;23300.317;197885.699;1;"10"
"958";949;950;23280.305;197892.726;1;"3"
"959";950;951;23261.281;197878.435;1;"4"
"961";952;953;23280.326;197891.879;1;"3"
"967";958;959;23280.706;197886.15;1;"1"
"968";959;960;23317.557;197900.215;1;"8"
"969";960;961;23319.15;197898.726;1;"8"
"972";963;964;23273.034;197881.271;1;"9"
"974";965;966;23253.407;197867.632;1;"6"
"975";966;967;23276.649;197879.293;1;"9"
"976";967;968;23277.02;197874.658;1;"7"
"980";971;972;23281.279;197885.53;1;"1"
"981";972;973;23274.607;197890.584;1;"5"
"982";973;974;23270.579;197890.852;1;"5"
"989";980;981;23319.616;197898.279;1;"8"
"993";984;985;23264.566;197877.846;1;"4"
"994";985;986;23264.696;197878.688;1;"4"
"995";985;986;23264.696;197878.688;1;"4"
"996";986;987;23267.536;197880.033;1;"4"
"997";987;988;23264.883;197879.267;1;"4"
"999";989;990;23280.181;197884.883;1;"1"
"1003";993;994;23280.427;197885.546;1;"1"
"1006";996;997;23274.078;197874.735;1;"7"
"1007";997;998;23272.117;197876.166;1;"7"
"1009";999;1000;23274.933;197883.576;1;"9"
"1012";1002;1003;23280.693;197883.718;1;"1"
"1015";1005;1006;23317.483;197898.832;1;"8"
"1017";1007;1008;23316.042;197892.73;1;"8"
"1018";1008;1009;23318.987;197899.163;1;"8"
"1019";1009;1010;23319.233;197900.434;1;"8"
"1020";1010;1011;23299.961;197887.094;1;"10"
"1021";1011;1012;23300.382;197885.606;1;"10"
"1025";1015;1016;23280.106;197882.481;1;"1"
